0 10 3 4 6 7 8 9 11 14 15 20 
0 10 1 5 6 9 10 11 12 15 16 20 
0 10 1 2 3 4 5 7 9 10 14 17 
0 10 2 4 5 7 11 13 14 16 18 19 
0 10 3 5 8 9 10 11 14 16 17 20 
0 10 3 6 7 8 9 13 15 16 18 19 
0 10 1 2 3 4 6 7 8 9 14 17 
0 10 1 2 3 4 6 7 9 12 17 18 
0 10 3 5 6 7 8 9 10 11 13 20 
0 10 5 6 7 9 10 13 14 15 18 20 
1 10 2 9 10 11 15 16 17 18 19 20 
1 10 2 3 6 9 12 13 14 16 17 20 
1 10 1 2 8 9 10 12 14 15 18 20 
1 10 1 5 6 8 9 10 11 12 13 14 
1 10 1 2 3 4 6 9 10 12 16 18 
1 10 1 2 3 8 10 13 14 16 17 18 
1 10 1 4 5 10 12 14 15 17 18 19 
1 10 2 3 4 5 7 9 16 17 18 19 
1 10 1 7 8 9 10 11 13 14 15 20 
1 10 1 2 4 6 8 10 12 13 18 20 
2 10 4 6 8 9 10 11 16 17 18 19 
2 10 1 4 5 8 9 10 11 15 16 19 
2 10 3 7 10 13 14 16 17 18 19 20 
2 10 1 3 7 12 13 14 16 17 18 19 
2 10 1 2 4 7 9 11 14 15 16 19 
2 10 3 6 8 14 15 16 17 18 19 20 
2 10 1 3 4 6 7 9 10 16 17 19 
2 10 2 4 5 6 8 13 14 15 16 18 
2 10 1 2 3 5 9 10 11 13 15 16 
2 10 2 4 5 8 12 14 15 16 18 20 
3 10 1 3 4 10 11 12 14 16 17 19 
3 10 2 7 9 11 12 13 14 15 16 20 
3 10 1 5 6 8 9 11 12 14 17 20 
3 10 1 2 3 4 9 14 15 17 19 20 
3 10 1 2 3 4 5 6 8 12 14 15 
3 10 3 6 7 9 10 13 15 17 19 20 
3 10 2 5 7 8 9 14 15 16 17 18 
3 10 4 5 6 7 10 11 13 14 17 19 
3 10 2 3 4 5 11 12 14 17 18 19 
3 10 1 3 6 7 10 12 14 17 18 19 
4 10 1 4 8 9 10 11 12 13 14 15 
4 10 2 3 6 9 11 12 13 16 17 18 
4 10 2 4 5 6 9 11 12 15 18 19 
4 10 3 4 5 6 8 13 14 16 18 20 
4 10 1 4 6 7 8 9 11 12 17 19 
4 10 1 3 6 9 10 11 12 15 16 20 
4 10 1 3 4 6 10 12 15 17 19 20 
4 10 1 2 5 7 8 10 11 14 15 19 
4 10 2 4 5 10 11 13 15 17 18 19 
4 10 5 6 8 9 12 13 14 16 19 20 
5 10 2 4 5 6 7 8 12 13 16 20 
5 10 1 5 6 7 8 9 10 15 16 20 
5 10 3 8 10 11 12 15 16 18 19 20 
5 10 1 2 3 4 7 9 12 13 18 20 
5 10 1 6 8 9 10 11 12 13 14 20 
5 10 1 2 3 5 8 9 10 13 15 18 
5 10 1 6 7 9 11 13 14 16 18 19 
5 10 2 7 8 9 14 15 16 17 18 19 
5 10 3 4 5 6 10 11 12 15 18 19 
5 10 3 6 8 10 12 14 15 16 18 19 
6 10 2 3 5 10 11 12 15 16 18 20 
6 10 1 2 6 10 11 13 15 16 18 19 
6 10 1 2 4 7 11 12 13 18 19 20 
6 10 1 3 8 9 11 14 15 16 17 19 
6 10 1 2 7 8 11 12 13 14 15 19 
6 10 2 8 9 10 11 12 14 15 16 17 
6 10 2 7 8 10 11 13 14 17 18 19 
6 10 4 6 7 11 12 13 14 15 18 19 
6 10 2 3 5 7 8 9 11 14 18 20 
6 10 1 3 5 7 10 14 15 17 19 20 
7 10 2 3 8 9 10 14 16 17 19 20 
7 10 2 4 5 6 7 8 14 15 16 17 
7 10 2 4 6 8 10 14 15 17 18 19 
7 10 1 2 5 8 9 11 13 17 18 20 
7 10 1 2 9 10 12 13 14 15 19 20 
7 10 4 7 8 10 13 14 15 17 19 20 
7 10 3 4 7 9 10 12 15 17 19 20 
7 10 1 2 4 7 8 10 13 16 19 20 
7 10 1 5 9 10 11 12 14 15 18 19 
7 10 2 4 5 8 9 11 12 15 18 19 
8 10 1 3 5 7 8 12 14 16 17 18 
8 10 1 3 4 5 7 8 12 15 16 17 
8 10 4 5 7 10 11 14 15 16 18 19 
8 10 3 10 11 13 14 15 16 18 19 20 
8 10 2 4 6 8 13 14 17 18 19 20 
8 10 1 2 3 8 10 12 14 15 16 18 
8 10 1 2 6 8 10 11 13 16 18 19 
8 10 1 2 3 6 9 11 13 14 16 19 
8 10 3 4 6 8 10 11 12 13 18 20 
8 10 1 5 7 11 12 13 15 16 18 19 
9 10 1 2 5 7 8 9 13 15 16 19 
9 10 1 2 3 5 6 7 10 12 18 20 
9 10 1 2 5 8 11 14 16 18 19 20 
9 10 1 3 4 5 9 11 13 14 15 19 
9 10 4 6 7 9 12 13 15 17 18 19 
9 10 4 5 6 8 9 11 12 14 15 17 
9 10 2 3 4 5 7 8 13 14 15 19 
9 10 1 4 5 7 8 9 10 13 19 20 
9 10 2 3 7 8 9 11 13 14 16 17 
9 10 3 6 11 12 14 15 16 17 18 20 
10 10 4 6 7 8 11 12 14 15 16 19 
10 10 2 3 4 6 7 8 9 12 15 18 
10 10 1 2 3 6 10 11 13 15 18 20 
10 10 3 4 6 7 9 11 14 15 17 18 
10 10 4 5 6 7 8 9 10 14 18 20 
10 10 2 3 4 6 11 14 16 17 19 20 
10 10 2 3 4 6 8 10 14 17 19 20 
10 10 1 2 4 6 11 13 14 15 17 18 
10 10 4 6 8 10 11 14 15 16 17 20 
10 10 1 4 5 6 9 10 11 12 13 20 
11 10 2 3 6 7 9 10 11 12 13 17 
11 10 3 4 5 8 9 10 11 12 16 20 
11 10 3 4 6 9 10 11 14 15 17 20 
11 10 2 3 5 6 8 9 11 14 17 18 
11 10 3 4 6 7 9 11 14 15 16 19 
11 10 2 3 4 7 8 11 13 14 16 20 
11 10 3 6 7 8 10 12 14 17 18 20 
11 10 3 5 6 9 11 12 14 15 16 18 
11 10 1 5 11 12 13 14 15 16 18 20 
11 10 3 5 6 7 8 9 11 12 17 19 
12 10 1 2 3 7 9 13 14 15 18 20 
12 10 1 3 4 5 9 10 12 14 18 19 
12 10 1 3 5 6 7 8 10 11 14 15 
12 10 1 2 3 4 7 10 11 13 15 16 
12 10 3 4 7 9 11 14 16 17 19 20 
12 10 1 3 6 8 10 11 12 13 15 18 
12 10 1 2 5 7 9 10 11 12 17 20 
12 10 3 6 7 8 10 11 12 15 16 17 
12 10 1 2 6 8 11 12 14 15 16 17 
12 10 1 6 8 9 10 11 12 15 17 18 
13 10 1 2 3 5 6 13 16 17 18 20 
13 10 2 4 5 10 11 14 15 16 19 20 
13 10 1 3 4 6 7 9 11 18 19 20 
13 10 1 4 5 6 7 8 12 16 18 19 
13 10 1 3 5 6 12 16 17 18 19 20 
13 10 1 3 7 8 10 14 15 17 19 20 
13 10 2 3 5 6 10 11 12 15 16 20 
13 10 4 5 8 9 11 12 14 17 18 20 
13 10 1 2 5 6 7 10 12 14 16 17 
13 10 1 3 5 6 7 12 13 16 17 19 
14 10 2 3 4 6 9 11 12 13 16 17 
14 10 3 4 7 10 11 14 15 16 17 18 
14 10 3 5 6 7 8 9 10 11 13 15 
14 10 2 4 6 7 8 11 13 15 18 19 
14 10 3 6 11 12 13 14 15 16 18 19 
14 10 1 4 7 11 13 14 16 18 19 20 
14 10 2 7 11 12 13 14 15 16 17 19 
14 10 1 2 9 10 11 12 14 16 19 20 
14 10 2 3 5 6 9 10 15 16 18 20 
14 10 2 3 4 5 12 14 15 17 18 20 
15 10 2 4 7 9 10 11 12 13 18 20 
15 10 4 7 8 10 13 14 15 16 17 20 
15 10 1 3 4 6 7 8 9 11 15 20 
15 10 1 8 9 10 11 13 14 15 17 20 
15 10 1 4 10 12 13 14 15 16 17 20 
15 10 1 3 5 6 8 12 15 16 17 19 
15 10 2 3 4 6 9 11 13 14 18 19 
15 10 5 8 10 11 12 14 16 17 18 19 
15 10 1 2 3 6 7 8 10 11 13 16 
15 10 2 5 9 10 11 12 15 16 17 19 
16 10 2 4 8 9 10 12 15 16 18 20 
16 10 2 4 5 6 7 9 12 13 14 17 
16 10 3 6 7 9 11 13 15 16 18 19 
16 10 3 4 5 7 8 11 16 17 18 19 
16 10 1 5 7 11 13 14 16 18 19 20 
16 10 1 5 6 7 8 13 14 15 16 20 
16 10 1 3 8 10 14 16 17 18 19 20 
16 10 1 2 4 6 9 10 12 15 19 20 
16 10 2 4 7 8 10 11 12 14 15 20 
16 10 5 7 8 10 11 13 15 16 19 20 
17 10 2 3 4 5 9 11 13 14 16 20 
17 10 3 4 5 8 9 11 16 18 19 20 
17 10 1 3 4 8 12 13 14 15 16 17 
17 10 1 3 4 5 6 7 10 14 17 19 
17 10 1 3 5 7 9 11 13 15 16 17 
17 10 1 2 4 6 9 12 14 15 18 20 
17 10 1 4 5 7 12 13 14 17 18 20 
17 10 3 5 9 10 13 14 15 16 19 20 
17 10 1 2 5 6 7 9 13 16 18 19 
17 10 1 4 5 7 8 12 13 14 18 19 
18 10 3 4 6 8 11 12 13 14 15 19 
18 10 4 7 8 9 10 13 14 18 19 20 
18 10 3 4 5 7 9 10 13 15 19 20 
18 10 1 3 4 5 7 8 11 12 13 17 
18 10 1 2 4 8 9 10 11 12 17 19 
18 10 1 3 4 5 10 12 13 14 15 20 
18 10 1 3 4 5 8 9 10 12 18 20 
18 10 4 8 9 10 11 13 14 15 17 18 
18 10 2 5 7 9 10 11 13 15 18 20 
18 10 1 6 10 11 12 13 14 18 19 20 
19 10 1 2 7 9 10 11 12 16 17 19 
19 10 1 4 6 9 12 13 14 16 18 19 
19 10 2 4 5 9 10 13 14 15 16 20 
19 10 3 6 8 9 11 12 13 14 16 19 
19 10 2 3 4 5 6 11 15 16 17 19 
19 10 2 5 6 8 9 11 12 14 16 19 
19 10 2 3 7 8 11 14 15 16 19 20 
19 10 1 8 9 11 12 16 17 18 19 20 
19 10 1 2 6 9 10 13 14 15 19 20 
19 10 2 3 4 5 10 11 13 15 16 19 
20 10 1 2 5 6 7 8 9 10 16 20 
20 10 3 8 9 10 11 12 14 15 16 17 
20 10 1 3 4 5 6 12 14 15 16 20 
20 10 1 2 3 4 6 7 8 10 15 16 
20 10 2 4 5 6 9 10 11 12 15 20 
20 10 1 3 4 5 7 12 13 17 18 19 
20 10 3 4 6 9 11 13 15 16 18 20 
20 10 1 3 4 8 9 12 15 17 18 19 
20 10 3 5 6 7 10 11 12 15 17 19 
20 10 2 4 5 10 11 12 16 18 19 20 
21 10 1 3 4 7 9 11 13 15 16 20 
21 10 3 6 10 11 12 14 15 16 18 20 
21 10 2 3 5 9 13 14 15 17 18 19 
21 10 2 7 8 10 11 12 13 14 16 19 
21 10 1 3 8 9 10 11 13 14 18 19 
21 10 2 4 6 7 11 14 15 17 19 20 
21 10 2 3 5 6 9 10 13 16 17 20 
21 10 1 3 4 6 7 10 11 16 17 19 
21 10 2 4 5 8 11 12 16 18 19 20 
21 10 1 4 5 6 7 9 10 11 12 13 
22 10 1 2 3 5 6 11 14 16 17 20 
22 10 2 4 7 8 10 13 16 17 18 20 
22 10 2 6 7 9 11 13 14 16 19 20 
22 10 3 8 9 11 12 14 17 18 19 20 
22 10 1 2 3 8 11 13 16 17 18 19 
22 10 1 2 3 4 6 8 12 14 16 17 
22 10 1 3 5 6 9 16 17 18 19 20 
22 10 1 2 3 6 12 13 17 18 19 20 
22 10 1 2 4 5 8 9 16 18 19 20 
22 10 1 2 3 6 7 11 12 15 17 20 
23 10 3 5 6 7 9 12 14 15 18 19 
23 10 3 5 7 9 10 12 15 16 18 20 
23 10 4 5 6 8 10 11 13 14 15 20 
23 10 2 5 7 9 10 11 13 14 16 20 
23 10 1 2 7 8 10 11 13 17 19 20 
23 10 1 2 8 9 10 11 12 13 16 19 
23 10 1 3 5 10 11 12 14 15 16 20 
23 10 1 3 6 7 8 13 14 15 17 20 
23 10 3 5 6 8 9 13 14 15 18 19 
23 10 3 4 6 7 10 13 17 18 19 20 
24 10 1 2 3 5 6 12 13 14 16 19 
24 10 3 6 7 8 9 10 11 12 17 20 
24 10 2 3 5 6 9 10 13 17 18 19 
24 10 3 4 5 6 9 11 15 17 18 20 
24 10 1 3 4 5 10 11 15 16 17 18 
24 10 1 2 3 7 8 10 13 15 17 19 
24 10 2 3 7 8 10 14 15 17 19 20 
24 10 1 2 6 7 9 13 14 16 18 20 
24 10 1 2 3 6 7 12 13 16 17 18 
24 10 1 5 7 8 9 11 14 15 16 18 
25 10 1 5 6 7 10 11 13 14 18 19 
25 10 2 4 5 6 7 8 13 15 18 20 
25 10 1 2 5 7 9 10 12 14 15 18 
25 10 1 2 5 6 7 8 13 17 18 19 
25 10 1 2 4 9 10 11 13 14 16 20 
25 10 2 3 7 9 10 11 13 17 19 20 
25 10 1 3 8 9 11 12 14 15 17 19 
25 10 4 5 7 11 13 14 15 18 19 20 
25 10 2 3 6 9 11 12 14 18 19 20 
25 10 1 2 4 5 6 7 8 17 19 20 
26 10 1 2 3 4 6 10 11 12 13 17 
26 10 1 3 4 6 7 12 13 15 16 19 
26 10 3 6 7 10 11 12 13 15 18 19 
26 10 1 2 3 4 6 7 10 11 14 19 
26 10 1 4 6 8 9 15 16 17 18 20 
26 10 1 5 6 9 10 11 13 15 19 20 
26 10 1 2 4 5 6 11 13 15 18 19 
26 10 1 2 3 5 7 9 15 17 19 20 
26 10 4 6 7 8 9 12 16 17 18 20 
26 10 2 3 6 7 8 11 17 18 19 20 
27 10 2 8 9 10 11 12 13 16 17 20 
27 10 1 4 6 8 9 13 14 16 18 19 
27 10 2 4 7 8 12 13 14 16 17 18 
27 10 3 5 7 12 13 15 17 18 19 20 
27 10 4 6 8 9 10 13 14 15 17 18 
27 10 2 3 6 7 9 11 15 16 18 20 
27 10 2 4 5 11 12 13 14 16 17 18 
27 10 2 3 4 6 8 9 12 16 18 19 
27 10 2 5 7 9 10 14 15 16 19 20 
27 10 1 8 10 11 12 13 14 17 19 20 
28 10 2 3 5 6 12 13 14 16 18 20 
28 10 1 3 4 7 10 12 14 17 19 20 
28 10 1 2 3 6 7 12 13 16 17 19 
28 10 2 4 5 7 8 11 13 14 15 19 
28 10 3 4 6 10 11 13 14 18 19 20 
28 10 2 7 8 10 11 12 13 14 18 20 
28 10 3 4 5 6 7 13 15 18 19 20 
28 10 1 4 6 9 12 13 16 17 18 20 
28 10 2 3 4 5 7 8 12 14 17 18 
28 10 1 4 6 7 9 10 11 12 19 20 
29 10 1 2 3 5 6 8 9 11 15 18 
29 10 2 3 5 6 8 9 10 11 14 19 
29 10 4 6 8 9 11 12 13 16 18 19 
29 10 1 2 3 4 7 8 10 11 16 17 
29 10 1 2 5 6 8 10 12 14 15 16 
29 10 6 9 10 11 12 13 14 16 19 20 
29 10 1 2 4 5 6 7 10 14 17 20 
29 10 2 3 5 6 7 9 10 12 15 18 
29 10 3 4 8 9 12 14 15 17 19 20 
29 10 4 5 7 10 12 14 15 16 19 20 
30 10 2 3 5 10 14 15 16 17 18 20 
30 10 1 2 5 9 10 11 12 18 19 20 
30 10 5 6 7 8 9 12 14 15 16 17 
30 10 1 3 5 6 7 8 9 10 12 13 
30 10 2 7 11 12 13 15 16 17 19 20 
30 10 1 2 3 6 9 11 12 13 17 20 
30 10 1 2 3 8 11 13 15 16 17 20 
30 10 2 5 7 9 11 12 13 14 15 17 
30 10 1 4 6 8 10 11 14 15 16 17 
30 10 1 2 3 6 9 10 11 17 18 19 
31 10 6 7 9 10 12 14 15 17 19 20 
31 10 3 4 5 7 8 12 13 14 16 18 
31 10 7 10 11 12 13 15 16 17 18 19 
31 10 1 2 3 4 5 13 15 16 18 20 
31 10 1 2 5 6 11 12 14 15 18 19 
31 10 2 4 8 9 10 12 15 16 18 20 
31 10 4 6 7 9 11 12 15 16 18 19 
31 10 1 2 5 7 8 9 11 13 14 15 
31 10 1 2 4 5 9 10 12 16 17 20 
31 10 1 4 6 7 10 11 14 16 18 20 
32 10 3 8 9 10 14 16 17 18 19 20 
32 10 3 8 10 11 12 14 15 16 17 19 
32 10 1 2 3 4 5 7 9 13 17 19 
32 10 1 6 9 11 12 14 15 18 19 20 
32 10 4 5 7 8 9 10 13 16 17 20 
32 10 4 5 6 8 9 11 13 16 17 18 
32 10 3 4 6 7 12 14 15 17 18 19 
32 10 1 3 4 5 7 9 12 15 16 20 
32 10 2 3 4 6 7 8 11 14 17 19 
32 10 1 9 10 12 13 14 15 16 17 18 
33 10 1 2 4 7 8 10 11 12 13 17 
33 10 1 2 3 8 9 10 13 14 19 20 
33 10 1 3 5 9 13 15 17 18 19 20 
33 10 1 2 4 7 9 10 11 13 15 19 
33 10 1 3 4 5 6 7 8 14 16 19 
33 10 1 2 6 9 12 13 16 17 19 20 
33 10 1 5 6 7 10 11 12 16 18 20 
33 10 1 2 8 9 11 12 13 14 15 16 
33 10 3 5 8 9 12 14 15 16 18 19 
33 10 5 6 7 10 12 13 15 17 19 20 
34 10 2 3 4 6 7 10 12 13 15 18 
34 10 1 2 4 8 10 11 12 14 15 18 
34 10 3 4 8 13 14 15 16 17 19 20 
34 10 2 3 5 6 8 11 12 16 17 18 
34 10 2 3 6 7 8 11 13 15 16 19 
34 10 2 6 7 8 10 11 12 13 16 19 
34 10 2 4 6 7 8 9 10 11 15 19 
34 10 2 3 4 5 8 11 12 13 16 18 
34 10 1 2 3 4 6 9 10 14 18 19 
34 10 1 4 5 8 9 13 15 16 18 20 
35 10 1 2 3 5 7 9 16 17 19 20 
35 10 3 5 6 7 9 10 11 13 16 19 
35 10 1 6 8 9 10 12 15 18 19 20 
35 10 1 2 4 5 7 9 12 16 17 20 
35 10 2 3 8 9 11 12 16 17 18 19 
35 10 4 5 6 7 10 11 14 16 17 18 
35 10 2 3 5 10 11 13 15 16 17 20 
35 10 1 2 6 7 9 14 16 17 18 19 
35 10 1 3 7 8 11 15 16 17 18 20 
35 10 3 5 7 9 10 13 16 17 18 20 
36 10 1 2 3 5 6 7 9 13 18 19 
36 10 2 3 4 5 6 11 15 16 18 19 
36 10 5 6 7 13 14 15 16 17 18 19 
36 10 1 2 4 6 7 8 9 11 17 18 
36 10 3 6 9 10 12 13 15 17 18 20 
36 10 2 3 7 9 10 13 14 17 18 20 
36 10 1 3 4 5 6 8 9 10 12 18 
36 10 6 7 8 10 12 13 17 18 19 20 
36 10 2 7 8 10 11 12 13 16 17 20 
36 10 1 2 5 8 9 11 13 14 18 19 
37 10 3 5 7 13 14 15 17 18 19 20 
37 10 1 3 5 7 8 9 10 14 19 20 
37 10 5 6 7 8 11 13 16 17 18 19 
37 10 1 5 6 9 11 14 15 17 18 20 
37 10 3 4 7 8 10 11 13 15 18 20 
37 10 1 3 4 6 7 11 14 15 17 18 
37 10 7 8 9 12 13 14 15 16 18 19 
37 10 2 4 6 7 8 10 14 15 18 19 
37 10 1 5 7 9 11 13 14 15 16 18 
37 10 1 2 3 7 8 9 10 13 17 19 
38 10 1 2 3 5 7 10 13 14 15 18 
38 10 1 2 4 5 9 11 14 15 19 20 
38 10 2 3 5 6 7 9 10 11 12 20 
38 10 1 2 3 7 12 13 15 16 18 20 
38 10 1 5 6 7 8 9 10 17 19 20 
38 10 1 5 6 10 11 12 14 16 18 19 
38 10 1 4 5 7 10 12 13 15 18 19 
38 10 1 3 8 10 11 13 16 18 19 20 
38 10 1 2 3 4 5 10 14 15 17 20 
38 10 1 6 7 8 10 11 16 18 19 20 
39 10 1 2 3 5 6 7 12 14 17 20 
39 10 1 2 5 6 8 10 11 12 13 20 
39 10 1 2 5 7 9 10 11 17 18 20 
39 10 4 5 7 9 10 11 13 14 15 20 
39 10 1 2 3 4 5 6 7 8 11 13 
39 10 1 2 3 4 5 6 10 12 13 19 
39 10 3 4 5 6 10 11 12 13 16 17 
39 10 1 2 4 9 11 14 16 17 18 19 
39 10 4 6 9 10 11 12 13 18 19 20 
39 10 3 4 5 6 8 10 11 14 16 19 
40 10 1 5 7 8 10 13 17 18 19 20 
40 10 5 7 9 10 11 12 13 14 17 18 
40 10 1 2 3 5 8 10 11 12 14 17 
40 10 1 5 7 9 11 12 13 14 17 18 
40 10 1 3 4 9 10 11 14 16 18 20 
40 10 4 6 8 10 11 12 13 17 18 20 
40 10 2 5 6 7 8 9 12 15 17 20 
40 10 2 3 4 5 6 7 11 13 16 19 
40 10 6 7 11 12 14 15 16 17 19 20 
40 10 2 3 4 5 6 7 11 12 19 20 
41 10 2 5 6 11 12 13 15 16 18 19 
41 10 1 4 6 7 11 12 15 17 19 20 
41 10 1 5 7 9 10 11 12 17 18 19 
41 10 4 5 7 9 10 13 14 17 19 20 
41 10 3 4 7 8 9 10 11 12 13 18 
41 10 1 2 4 5 6 7 8 9 13 17 
41 10 1 3 4 6 7 10 13 15 16 20 
41 10 1 3 4 6 10 14 16 18 19 20 
41 10 4 5 9 10 11 13 14 15 17 19 
41 10 2 4 6 8 11 12 14 18 19 20 
42 10 1 2 7 8 10 12 15 16 18 19 
42 10 3 7 8 10 11 13 14 17 19 20 
42 10 2 4 5 8 10 11 12 16 19 20 
42 10 1 3 4 5 10 12 13 14 18 19 
42 10 1 2 3 7 8 9 10 11 15 20 
42 10 1 3 4 7 10 11 13 14 15 19 
42 10 2 5 6 7 9 13 17 18 19 20 
42 10 8 9 10 11 12 13 15 16 17 19 
42 10 3 6 9 10 12 13 15 16 18 20 
42 10 2 3 5 6 8 9 14 16 19 20 
43 10 1 2 3 6 9 10 11 13 16 20 
43 10 2 3 8 10 11 12 13 16 17 20 
43 10 1 3 4 5 6 8 9 12 14 16 
43 10 1 3 8 9 10 12 13 14 16 17 
43 10 3 4 6 7 10 13 15 16 18 20 
43 10 1 4 8 11 13 14 15 18 19 20 
43 10 1 2 4 9 10 12 14 15 18 19 
43 10 2 3 6 9 10 11 12 17 18 19 
43 10 4 5 6 10 11 12 13 16 18 19 
43 10 4 6 7 8 9 12 15 16 18 20 
44 10 2 3 4 8 10 11 14 16 17 19 
44 10 3 5 6 9 10 11 12 15 18 19 
44 10 1 3 5 6 11 12 14 17 18 19 
44 10 3 4 6 7 8 12 13 15 18 19 
44 10 2 4 7 8 10 12 14 16 18 20 
44 10 1 2 5 6 7 8 12 13 15 17 
44 10 2 3 6 7 8 10 12 15 16 18 
44 10 1 2 4 6 8 9 13 14 17 19 
44 10 1 3 4 6 7 12 13 14 15 20 
44 10 2 3 5 6 8 9 10 11 12 14 
45 10 5 7 9 10 11 15 16 17 18 20 
45 10 2 3 4 5 6 9 10 16 19 20 
45 10 4 5 9 13 14 15 16 17 19 20 
45 10 1 2 3 4 6 7 10 13 15 16 
45 10 1 3 4 8 9 13 15 17 19 20 
45 10 3 6 7 8 9 10 15 16 17 20 
45 10 1 4 7 8 9 10 12 17 18 20 
45 10 1 2 5 6 8 10 12 14 16 17 
45 10 3 5 8 9 10 11 12 16 18 20 
45 10 6 8 9 12 13 15 17 18 19 20 
46 10 1 2 4 6 7 10 14 17 18 19 
46 10 1 4 6 10 13 14 16 17 18 20 
46 10 3 4 5 7 12 15 16 17 18 19 
46 10 2 3 5 6 7 12 14 16 18 19 
46 10 1 2 7 8 9 11 14 15 16 20 
46 10 2 3 4 7 8 10 11 13 15 18 
46 10 1 4 5 7 9 11 14 15 17 20 
46 10 2 7 10 11 12 15 16 17 18 20 
46 10 1 2 3 9 10 11 12 14 16 19 
46 10 1 6 8 10 12 13 14 16 17 20 
47 10 1 3 4 6 7 9 11 13 14 17 
47 10 3 4 8 9 13 14 16 17 19 20 
47 10 2 4 7 8 9 11 12 13 14 15 
47 10 6 8 9 10 11 12 13 18 19 20 
47 10 4 5 7 8 12 13 14 15 18 19 
47 10 2 4 8 9 10 12 17 18 19 20 
47 10 1 3 4 5 6 7 10 12 16 20 
47 10 1 4 5 6 7 8 10 12 14 18 
47 10 2 4 5 7 8 10 15 17 18 20 
47 10 4 5 7 9 11 13 16 17 18 20 
48 10 3 4 5 8 9 11 13 15 19 20 
48 10 2 3 4 5 6 8 10 11 12 17 
48 10 1 2 6 9 11 13 14 17 18 19 
48 10 1 2 7 8 9 12 13 14 17 20 
48 10 1 2 10 12 13 14 15 16 17 18 
48 10 3 4 8 9 13 14 16 17 18 20 
48 10 1 4 5 6 7 8 12 16 17 20 
48 10 1 3 5 6 8 9 13 16 17 20 
48 10 1 3 4 5 6 8 13 14 17 19 
48 10 3 7 8 9 10 11 15 16 18 20 
49 10 1 2 3 5 7 8 9 10 13 15 
49 10 1 2 3 6 13 14 16 18 19 20 
49 10 4 6 8 9 11 13 15 16 17 18 
49 10 1 2 3 8 9 12 13 15 18 19 
49 10 1 4 6 10 13 14 15 16 18 20 
49 10 1 4 5 11 12 13 14 16 18 19 
49 10 3 4 7 9 11 12 15 17 18 19 
49 10 1 5 6 8 11 15 17 18 19 20 
49 10 3 4 6 8 9 15 17 18 19 20 
49 10 2 3 8 9 11 12 14 17 18 20 
50 10 1 2 4 6 10 12 13 14 15 17 
50 10 3 5 6 7 9 10 11 13 16 20 
50 10 3 7 8 10 11 14 15 16 18 20 
50 10 1 2 7 11 13 14 15 17 19 20 
50 10 1 2 3 5 7 10 13 14 16 18 
50 10 5 7 8 9 11 15 16 18 19 20 
50 10 3 4 7 9 10 11 13 14 18 19 
50 10 3 4 5 6 7 8 11 12 19 20 
50 10 1 2 4 6 9 11 12 16 18 19 
50 10 2 3 11 12 13 14 16 17 19 20 
51 10 1 4 5 6 8 11 13 14 19 20 
51 10 1 2 3 4 7 9 12 13 15 18 
51 10 1 6 8 9 10 13 14 15 16 18 
51 10 1 4 5 6 10 13 17 18 19 20 
51 10 2 3 4 5 7 9 11 12 13 18 
51 10 5 8 9 10 11 12 14 18 19 20 
51 10 6 8 10 11 13 14 15 16 17 18 
51 10 1 6 7 9 10 13 14 15 18 20 
51 10 2 4 7 8 9 11 13 17 18 20 
51 10 1 3 4 9 11 12 13 14 16 19 
52 10 1 2 4 6 7 13 14 15 16 17 
52 10 2 3 4 6 8 9 11 16 18 20 
52 10 1 3 7 8 9 11 12 14 18 19 
52 10 2 4 6 7 8 9 15 16 18 20 
52 10 1 2 4 5 8 10 12 15 16 17 
52 10 1 2 3 4 5 7 12 13 15 17 
52 10 1 2 6 7 13 14 15 17 18 20 
52 10 1 2 4 7 9 10 11 16 18 19 
52 10 1 4 5 6 7 8 9 13 17 18 
52 10 3 4 6 7 8 9 10 12 18 19 
53 10 2 5 7 10 13 14 15 17 18 20 
53 10 4 6 7 10 12 13 14 15 17 20 
53 10 1 5 8 9 11 15 16 18 19 20 
53 10 1 5 6 7 9 10 12 17 18 20 
53 10 2 3 4 7 10 15 17 18 19 20 
53 10 2 3 5 6 8 9 10 13 14 17 
53 10 2 3 4 5 6 11 12 14 18 19 
53 10 3 4 7 9 10 11 13 15 16 17 
53 10 3 6 7 9 10 14 15 16 18 19 
53 10 1 2 3 4 7 11 13 15 16 20 
54 10 6 7 10 11 12 13 15 16 19 20 
54 10 1 3 6 7 8 10 11 12 15 20 
54 10 1 2 8 10 13 14 16 18 19 20 
54 10 3 4 9 10 11 12 13 16 19 20 
54 10 3 5 6 11 12 14 15 16 18 19 
54 10 1 2 7 8 9 11 13 16 17 19 
54 10 4 5 6 7 9 10 14 15 18 20 
54 10 1 2 7 8 9 12 13 17 18 19 
54 10 1 2 3 7 10 11 12 13 18 20 
54 10 1 2 5 6 12 15 16 18 19 20 
55 10 1 6 7 8 9 10 15 16 18 19 
55 10 2 3 5 10 12 13 15 18 19 20 
55 10 1 5 7 8 9 10 12 15 16 17 
55 10 2 3 6 8 10 12 13 15 18 20 
55 10 2 4 7 9 11 12 17 18 19 20 
55 10 1 2 6 9 10 11 12 15 16 19 
55 10 5 7 8 10 11 13 14 15 19 20 
55 10 3 4 6 7 10 11 12 14 17 20 
55 10 3 4 7 9 11 12 14 15 17 20 
55 10 4 5 6 8 9 11 12 13 15 18 
56 10 2 3 4 7 10 12 14 15 16 18 
56 10 1 2 3 5 7 9 14 16 18 19 
56 10 1 5 6 7 11 13 14 15 18 20 
56 10 3 6 7 9 10 15 17 18 19 20 
56 10 1 4 7 10 11 16 17 18 19 20 
56 10 4 5 7 8 11 13 15 17 18 20 
56 10 6 8 9 10 13 14 16 17 18 19 
56 10 1 3 6 11 12 13 15 16 19 20 
56 10 1 2 3 8 10 11 14 17 19 20 
56 10 1 3 4 5 7 8 10 12 13 14 
57 10 2 3 4 9 10 11 12 14 16 19 
57 10 1 2 6 8 12 14 17 18 19 20 
57 10 2 3 4 5 7 8 9 14 19 20 
57 10 2 4 9 11 12 13 15 16 17 18 
57 10 1 3 6 7 8 9 13 15 16 18 
57 10 2 4 5 8 11 13 16 17 19 20 
57 10 1 2 4 6 8 9 13 15 17 20 
57 10 2 3 4 8 9 10 12 15 17 18 
57 10 1 2 3 8 12 14 15 16 17 19 
57 10 1 2 4 10 12 14 16 17 18 20 
58 10 2 3 4 6 7 8 14 15 17 19 
58 10 1 2 4 9 10 11 12 13 18 19 
58 10 3 5 6 8 12 14 15 18 19 20 
58 10 2 5 6 9 10 12 14 15 18 20 
58 10 2 3 5 6 8 10 14 15 18 20 
58 10 4 5 8 9 10 12 14 15 17 18 
58 10 2 3 4 5 6 9 11 14 16 20 
58 10 1 2 6 9 11 13 17 18 19 20 
58 10 2 3 6 7 9 13 16 17 18 19 
58 10 1 2 5 6 11 12 14 16 18 19 
59 10 3 4 5 7 8 11 12 13 14 15 
59 10 1 2 4 10 12 14 15 17 18 20 
59 10 2 3 4 6 9 13 14 17 19 20 
59 10 2 3 6 7 8 9 12 16 18 19 
59 10 3 6 7 8 9 14 15 16 19 20 
59 10 1 2 3 7 8 11 12 13 15 17 
59 10 1 2 4 6 7 10 13 14 16 18 
59 10 2 5 6 8 10 11 13 14 15 16 
59 10 2 3 5 6 10 11 15 17 18 19 
59 10 2 3 5 8 10 11 15 16 18 20 
60 10 1 3 5 6 9 12 14 15 16 19 
60 10 1 2 7 10 11 12 14 17 18 20 
60 10 1 5 7 8 12 13 16 17 18 20 
60 10 1 3 4 5 8 10 11 12 19 20 
60 10 1 2 4 5 7 10 14 15 16 19 
60 10 1 3 4 6 9 13 14 15 16 20 
60 10 1 3 4 5 7 12 13 14 16 17 
60 10 1 2 3 4 5 6 8 9 11 17 
60 10 2 4 6 7 9 12 13 18 19 20 
60 10 2 3 6 8 10 13 14 15 16 19 
61 10 1 2 4 10 11 12 14 15 18 19 
61 10 3 4 6 8 10 13 14 16 17 20 
61 10 3 6 8 9 10 11 14 17 18 19 
61 10 2 3 6 7 9 10 11 12 14 20 
61 10 1 3 6 8 9 10 12 14 18 19 
61 10 2 3 5 9 10 12 13 16 18 20 
61 10 1 2 3 7 8 12 13 17 18 20 
61 10 1 2 3 4 9 10 13 15 17 19 
61 10 1 2 5 6 7 9 10 11 13 20 
61 10 6 7 10 12 13 14 15 17 18 19 
62 10 1 4 7 9 10 11 12 13 19 20 
62 10 3 4 5 7 8 12 13 14 15 18 
62 10 1 2 7 8 10 12 14 15 17 20 
62 10 1 2 3 7 8 9 13 16 17 18 
62 10 3 6 8 13 14 15 16 17 19 20 
62 10 2 3 4 10 13 14 15 17 19 20 
62 10 1 2 3 5 7 8 11 16 18 20 
62 10 3 4 5 7 9 10 11 12 14 20 
62 10 2 3 5 6 8 10 15 18 19 20 
62 10 4 8 10 11 12 14 15 16 17 19 
63 10 2 3 6 11 12 13 15 17 18 19 
63 10 1 6 7 9 11 13 17 18 19 20 
63 10 1 3 5 6 9 10 12 14 16 18 
63 10 2 3 6 7 9 10 11 14 19 20 
63 10 2 3 5 6 8 9 11 12 14 17 
63 10 2 3 4 5 6 9 11 15 19 20 
63 10 2 3 5 6 7 8 12 15 16 17 
63 10 1 2 4 6 7 8 9 12 14 20 
63 10 1 2 3 6 7 9 13 14 15 20 
63 10 2 3 6 7 9 10 11 12 17 18 
64 10 2 3 4 5 7 9 14 18 19 20 
64 10 2 3 5 6 8 10 13 15 18 20 
64 10 1 2 3 6 12 13 15 17 19 20 
64 10 1 2 3 4 7 8 9 10 12 19 
64 10 3 4 5 8 9 13 14 17 18 20 
64 10 2 4 6 8 12 13 14 15 17 19 
64 10 2 4 5 6 9 10 11 12 13 17 
64 10 1 3 4 5 8 10 11 13 16 17 
64 10 1 3 4 10 11 12 14 17 19 20 
64 10 1 2 9 11 12 13 14 16 17 20 
65 10 1 5 6 7 10 11 12 17 18 19 
65 10 4 6 8 9 10 13 14 15 18 19 
65 10 1 3 5 6 8 14 15 18 19 20 
65 10 1 5 9 11 12 14 16 17 19 20 
65 10 3 5 6 8 9 11 13 14 17 20 
65 10 5 6 8 10 11 12 13 14 15 17 
65 10 5 6 7 9 10 11 13 14 16 18 
65 10 3 4 5 7 8 9 10 11 12 18 
65 10 2 4 5 9 13 15 16 17 18 20 
65 10 1 6 7 8 9 12 13 16 19 20 
66 10 2 3 4 5 9 10 11 12 15 18 
66 10 2 5 7 8 11 12 13 14 19 20 
66 10 3 5 6 7 9 12 13 14 15 17 
66 10 1 3 5 10 12 13 15 17 18 20 
66 10 5 6 7 11 12 13 14 15 16 19 
66 10 1 4 5 7 9 10 15 17 18 19 
66 10 1 4 5 8 10 16 17 18 19 20 
66 10 1 3 4 6 7 8 13 14 19 20 
66 10 2 3 5 7 8 10 11 14 17 19 
66 10 3 4 5 6 8 10 12 13 16 20 
67 10 1 2 3 6 8 10 13 15 19 20 
67 10 3 5 8 11 13 14 17 18 19 20 
67 10 2 3 4 8 10 14 15 16 18 20 
67 10 1 3 5 6 7 9 11 13 15 20 
67 10 4 6 8 9 10 11 13 14 17 18 
67 10 6 7 8 9 12 13 14 15 19 20 
67 10 1 2 3 4 5 8 12 13 16 17 
67 10 2 5 8 11 14 15 16 18 19 20 
67 10 1 3 6 7 8 10 13 16 18 20 
67 10 1 3 7 12 13 14 15 16 17 20 
68 10 1 2 3 9 10 12 15 18 19 20 
68 10 2 3 5 8 9 12 14 18 19 20 
68 10 1 2 4 5 7 8 11 14 17 20 
68 10 1 2 3 4 9 10 12 15 16 20 
68 10 3 4 5 6 7 8 12 14 18 20 
68 10 3 4 5 6 8 10 11 13 17 20 
68 10 1 2 4 6 7 10 12 16 17 19 
68 10 1 2 3 6 11 15 16 18 19 20 
68 10 1 2 4 10 12 13 14 15 19 20 
68 10 2 4 5 8 10 11 12 14 16 17 
69 10 3 4 5 7 9 10 14 17 19 20 
69 10 1 2 5 6 9 10 13 14 16 19 
69 10 1 3 5 6 7 8 9 10 14 17 
69 10 1 6 9 10 11 14 15 17 18 19 
69 10 1 2 6 7 10 14 17 18 19 20 
69 10 3 6 7 8 10 11 14 15 16 17 
69 10 1 2 5 6 7 9 10 11 12 19 
69 10 1 3 4 5 7 8 10 14 16 18 
69 10 1 2 4 8 9 11 16 17 18 19 
69 10 2 3 4 5 7 11 14 16 18 20 
70 10 5 6 9 11 12 14 16 17 18 19 
70 10 2 4 5 7 8 10 12 16 17 19 
70 10 4 7 9 10 11 12 13 14 17 20 
70 10 1 2 3 6 7 8 13 17 19 20 
70 10 2 5 6 9 11 13 15 18 19 20 
70 10 1 2 4 5 8 14 15 17 18 20 
70 10 1 2 4 5 7 12 13 15 18 19 
70 10 1 3 4 6 8 9 11 12 15 19 
70 10 1 4 7 8 11 12 13 15 16 20 
70 10 2 3 5 7 10 12 14 15 17 19 
71 10 1 3 4 5 9 10 14 18 19 20 
71 10 1 3 5 7 8 10 12 16 17 19 
71 10 1 2 4 5 6 8 15 16 17 19 
71 10 3 5 6 7 9 13 15 16 18 19 
71 10 3 6 7 8 10 13 14 16 18 20 
71 10 1 4 7 9 11 12 14 15 19 20 
71 10 1 2 3 6 7 10 13 16 17 20 
71 10 2 3 5 8 9 10 14 17 18 20 
71 10 1 3 4 5 7 8 10 12 14 19 
71 10 1 2 4 8 10 13 14 15 16 18 
72 10 1 3 4 8 10 11 13 14 17 20 
72 10 1 5 7 8 9 11 14 15 16 17 
72 10 1 2 7 8 9 10 11 17 18 19 
72 10 6 7 8 9 10 11 16 17 18 19 
72 10 4 5 7 8 9 10 12 14 16 17 
72 10 2 3 5 7 10 13 14 15 19 20 
72 10 1 2 3 7 9 12 13 14 15 16 
72 10 1 2 4 7 12 13 14 15 17 18 
72 10 2 5 7 9 10 11 12 13 15 17 
72 10 1 3 6 10 11 12 14 15 16 20 
73 10 1 2 3 7 8 9 16 17 18 20 
73 10 4 6 7 8 9 11 12 13 18 19 
73 10 8 9 11 12 13 14 16 17 18 20 
73 10 1 2 4 5 6 7 10 14 15 16 
73 10 1 2 3 4 5 7 11 13 14 20 
73 10 3 4 5 6 8 13 16 17 18 19 
73 10 1 5 6 8 9 12 14 16 18 19 
73 10 2 5 7 9 12 13 16 18 19 20 
73 10 1 3 4 5 7 12 13 17 19 20 
73 10 1 6 7 8 10 11 14 18 19 20 
74 10 1 5 6 9 12 13 15 16 18 19 
74 10 1 4 5 7 9 10 13 15 18 20 
74 10 3 5 7 9 10 12 14 16 17 19 
74 10 3 5 8 10 12 14 15 16 18 20 
74 10 2 4 8 10 11 12 13 16 18 19 
74 10 1 2 4 6 9 12 13 14 16 17 
74 10 1 4 5 6 8 13 15 16 17 19 
74 10 2 5 6 7 8 10 14 15 19 20 
74 10 1 2 3 5 7 9 12 18 19 20 
74 10 1 2 3 5 7 9 10 16 18 19 
75 10 1 2 3 4 7 13 14 16 18 20 
75 10 1 2 5 6 7 11 12 14 18 19 
75 10 2 4 6 8 9 10 12 13 17 18 
75 10 3 7 9 11 13 15 16 17 19 20 
75 10 1 3 6 7 8 11 12 13 15 17 
75 10 1 3 6 8 9 14 15 16 17 18 
75 10 1 3 6 9 10 11 13 15 16 20 
75 10 1 2 4 6 8 10 12 17 19 20 
75 10 1 4 6 7 8 10 13 16 17 20 
75 10 1 4 9 10 11 12 13 15 18 19 
76 10 2 4 5 6 10 12 14 15 16 17 
76 10 4 6 8 10 11 12 15 16 17 19 
76 10 1 3 9 10 12 14 15 17 19 20 
76 10 4 5 7 8 11 13 16 17 18 20 
76 10 2 4 6 10 11 12 13 16 17 19 
76 10 1 2 3 8 11 14 15 17 18 19 
76 10 1 4 6 7 11 12 13 16 19 20 
76 10 1 2 6 7 9 11 14 16 18 19 
76 10 3 5 6 10 11 12 13 15 16 18 
76 10 1 2 3 4 6 9 15 18 19 20 
77 10 1 2 5 7 8 9 11 14 17 20 
77 10 1 3 5 6 8 9 10 13 14 15 
77 10 1 2 3 4 6 9 10 12 19 20 
77 10 4 5 6 7 11 12 13 17 18 20 
77 10 2 8 9 10 13 14 15 16 18 19 
77 10 1 3 6 9 10 11 14 15 18 19 
77 10 2 4 7 9 10 11 12 15 16 18 
77 10 2 3 4 5 8 11 12 15 17 19 
77 10 1 2 4 6 7 10 13 15 19 20 
77 10 1 2 3 5 8 10 12 13 14 18 
78 10 1 3 6 7 9 10 13 14 16 19 
78 10 1 4 10 12 13 16 17 18 19 20 
78 10 1 4 5 6 7 12 13 15 16 20 
78 10 3 4 5 7 9 10 13 16 17 20 
78 10 3 5 6 9 11 13 14 16 17 18 
78 10 1 2 4 6 8 10 12 14 17 20 
78 10 2 5 8 9 10 11 15 17 18 19 
78 10 1 3 4 6 7 9 11 14 18 19 
78 10 3 5 6 9 11 15 16 17 19 20 
78 10 1 3 5 9 10 12 13 14 15 18 
79 10 7 9 10 11 13 14 15 16 17 19 
79 10 3 7 8 11 12 14 15 16 19 20 
79 10 1 5 7 9 11 12 13 16 17 19 
79 10 1 2 4 6 7 10 12 15 16 19 
79 10 1 4 6 7 8 9 10 13 14 15 
79 10 1 2 3 5 10 11 14 16 18 19 
79 10 3 4 5 9 12 15 16 17 19 20 
79 10 2 3 4 5 6 7 13 14 18 19 
79 10 1 3 5 6 7 10 15 16 18 20 
79 10 1 2 4 8 9 11 14 17 18 20 
80 10 3 4 7 9 10 12 14 16 17 20 
80 10 1 2 6 8 9 10 12 14 15 16 
80 10 1 4 5 7 8 10 11 13 14 20 
80 10 1 5 8 9 10 11 12 14 15 19 
80 10 1 2 4 5 8 11 14 15 16 17 
80 10 1 2 4 5 6 9 12 13 17 20 
80 10 3 7 9 10 13 15 16 18 19 20 
80 10 2 5 7 9 12 14 15 17 18 19 
80 10 2 5 6 8 10 11 14 15 18 19 
80 10 1 3 6 7 8 9 12 14 19 20 
81 10 1 3 7 9 10 12 13 16 17 20 
81 10 2 3 7 8 10 12 13 14 16 18 
81 10 1 2 5 10 13 14 15 17 18 20 
81 10 1 4 6 8 9 16 17 18 19 20 
81 10 1 3 5 6 8 9 11 13 18 20 
81 10 1 3 5 11 12 14 16 18 19 20 
81 10 3 5 9 13 14 15 16 17 18 20 
81 10 4 5 6 7 9 11 14 15 16 17 
81 10 1 2 4 5 7 10 11 12 17 20 
81 10 1 3 5 7 9 10 13 14 17 20 
82 10 2 4 5 7 10 13 14 16 17 20 
82 10 2 3 4 9 10 11 13 15 18 19 
82 10 1 2 4 10 11 13 14 18 19 20 
82 10 2 3 5 6 8 10 11 14 17 19 
82 10 1 2 5 7 13 14 16 17 18 20 
82 10 1 4 6 7 8 12 14 16 17 18 
82 10 1 2 3 5 9 12 14 16 17 19 
82 10 2 3 4 7 11 12 17 18 19 20 
82 10 4 5 7 9 10 11 13 15 17 19 
82 10 2 5 7 8 10 13 14 16 19 20 
83 10 1 5 6 7 8 12 13 14 17 19 
83 10 1 3 5 7 8 10 12 15 17 20 
83 10 3 4 5 6 7 8 11 13 14 15 
83 10 1 5 6 7 9 10 13 14 17 20 
83 10 1 2 4 5 10 12 17 18 19 20 
83 10 2 4 6 11 13 14 15 17 19 20 
83 10 1 2 6 7 9 11 13 16 17 18 
83 10 2 3 5 7 10 13 14 16 18 20 
83 10 3 4 5 6 7 9 10 13 14 15 
83 10 2 4 7 8 9 10 14 15 18 20 
84 10 1 3 5 7 9 12 13 14 17 18 
84 10 1 3 4 7 8 9 11 14 15 18 
84 10 1 3 5 7 8 13 15 17 18 20 
84 10 2 3 4 5 10 11 12 14 17 19 
84 10 2 3 4 6 8 11 15 16 17 19 
84 10 1 2 3 4 8 10 15 17 18 20 
84 10 2 4 5 6 8 10 12 15 17 18 
84 10 1 2 6 7 10 11 13 16 18 20 
84 10 2 3 5 6 7 11 12 14 17 20 
84 10 2 3 4 6 7 8 12 13 14 18 
85 10 1 2 4 9 13 15 16 17 18 20 
85 10 1 3 4 7 8 9 11 12 15 19 
85 10 7 8 10 11 12 13 14 15 17 18 
85 10 1 2 3 5 7 8 11 13 14 16 
85 10 3 5 7 8 9 10 11 12 13 17 
85 10 3 5 8 11 12 13 14 17 18 19 
85 10 1 4 5 7 11 12 13 17 18 19 
85 10 6 10 12 13 14 16 17 18 19 20 
85 10 1 2 5 6 9 12 16 17 18 19 
85 10 1 3 8 11 12 14 15 16 19 20 
86 10 2 4 5 6 11 12 13 15 17 20 
86 10 1 3 4 10 11 12 15 18 19 20 
86 10 1 2 3 5 9 10 15 17 18 20 
86 10 2 4 9 11 12 13 15 16 17 18 
86 10 1 2 6 7 9 11 13 16 18 20 
86 10 5 6 9 10 11 12 14 16 17 18 
86 10 1 5 6 11 12 13 14 17 19 20 
86 10 1 2 4 6 8 11 13 16 18 19 
86 10 2 3 6 7 8 11 12 16 17 20 
86 10 1 3 4 7 8 13 14 18 19 20 
87 10 4 5 6 7 8 11 12 14 16 17 
87 10 3 6 7 9 11 12 13 14 18 19 
87 10 2 3 4 6 8 10 12 18 19 20 
87 10 1 5 6 7 8 10 12 14 15 18 
87 10 1 4 8 9 10 12 13 15 18 20 
87 10 2 3 4 5 6 7 8 10 13 18 
87 10 1 2 3 7 8 10 11 13 15 20 
87 10 1 3 6 7 10 11 12 13 14 17 
87 10 3 4 8 9 10 12 13 15 19 20 
87 10 1 2 7 9 10 13 14 15 17 18 
88 10 1 3 5 6 12 16 17 18 19 20 
88 10 2 3 4 6 8 14 16 17 18 19 
88 10 1 3 5 7 8 10 11 12 18 20 
88 10 1 3 6 7 9 11 12 14 16 18 
88 10 1 2 6 12 13 14 15 17 18 19 
88 10 1 6 7 8 10 11 12 14 18 19 
88 10 2 3 4 8 10 11 13 15 17 19 
88 10 2 6 9 12 14 15 17 18 19 20 
88 10 1 3 6 7 8 9 10 15 17 20 
88 10 4 5 6 9 10 11 12 13 16 17 
89 10 1 2 4 8 10 12 13 14 15 20 
89 10 4 5 6 10 13 15 16 17 19 20 
89 10 1 2 3 7 8 11 13 15 16 18 
89 10 4 8 10 12 13 14 16 17 19 20 
89 10 1 3 4 5 8 9 12 15 17 20 
89 10 2 4 5 6 8 11 13 15 17 20 
89 10 1 2 3 4 6 8 9 12 16 17 
89 10 2 3 9 10 11 12 14 15 17 19 
89 10 1 2 3 4 5 9 10 11 15 18 
89 10 2 3 7 8 10 13 14 17 19 20 
90 10 2 3 4 7 9 10 14 16 18 20 
90 10 1 3 4 6 7 8 9 10 12 17 
90 10 3 4 6 8 11 12 14 15 17 20 
90 10 1 4 5 7 9 11 14 18 19 20 
90 10 2 3 4 6 9 11 15 17 18 20 
90 10 1 3 4 8 9 10 14 15 17 18 
90 10 4 5 6 8 9 14 15 18 19 20 
90 10 1 2 4 6 8 10 11 15 18 19 
90 10 2 3 5 8 9 15 16 17 18 19 
90 10 5 6 7 8 9 10 14 16 18 19 
91 10 2 5 7 9 13 14 15 16 19 20 
91 10 3 7 8 9 11 12 13 14 19 20 
91 10 1 3 4 7 9 10 11 12 14 17 
91 10 4 6 7 10 12 14 17 18 19 20 
91 10 2 3 9 10 11 12 14 17 18 19 
91 10 1 2 3 8 11 12 13 15 18 19 
91 10 1 4 8 10 11 12 13 15 16 17 
91 10 3 5 6 8 9 11 13 15 18 19 
91 10 2 5 9 10 11 12 14 17 18 19 
91 10 1 3 4 5 7 10 13 16 17 18 
92 10 1 2 3 9 11 12 15 17 18 19 
92 10 2 5 10 12 13 14 15 16 17 20 
92 10 2 3 4 6 7 8 9 12 16 20 
92 10 5 6 8 9 12 13 15 16 17 20 
92 10 2 4 6 7 8 10 12 14 18 20 
92 10 2 4 7 8 9 10 13 14 18 20 
92 10 1 2 3 5 6 7 10 14 16 19 
92 10 7 9 11 12 15 16 17 18 19 20 
92 10 2 4 5 7 9 12 15 16 19 20 
92 10 1 3 6 8 12 15 17 18 19 20 
93 10 1 2 3 6 12 13 15 16 17 18 
93 10 2 3 4 5 7 9 10 12 13 19 
93 10 2 6 8 9 12 13 14 18 19 20 
93 10 1 2 4 8 9 11 13 14 19 20 
93 10 1 2 3 4 7 8 9 11 18 19 
93 10 1 4 6 7 8 10 12 13 15 16 
93 10 1 2 3 4 10 11 14 15 17 20 
93 10 1 2 4 9 11 14 16 18 19 20 
93 10 1 2 3 7 11 12 14 15 19 20 
93 10 2 4 7 9 10 11 12 14 15 19 
94 10 2 3 4 9 10 11 13 15 17 20 
94 10 7 8 12 13 14 15 16 17 18 20 
94 10 2 5 7 8 9 10 12 15 16 20 
94 10 3 4 5 8 9 10 14 17 18 20 
94 10 1 2 7 9 10 11 14 17 19 20 
94 10 1 3 4 8 10 13 16 17 18 19 
94 10 1 4 5 7 8 9 10 11 12 14 
94 10 3 4 7 10 12 13 15 17 18 20 
94 10 1 4 6 7 10 11 14 16 18 19 
94 10 1 3 4 6 8 9 10 11 13 20 
95 10 1 4 5 6 8 10 11 13 17 18 
95 10 2 3 6 7 10 11 12 17 19 20 
95 10 3 4 8 13 14 15 16 17 18 19 
95 10 5 7 8 10 14 15 17 18 19 20 
95 10 2 3 4 7 9 12 13 16 18 20 
95 10 1 10 11 12 13 14 15 16 19 20 
95 10 1 5 8 10 12 14 15 16 17 20 
95 10 1 4 7 8 9 10 13 15 17 20 
95 10 2 3 8 9 12 13 14 15 18 19 
95 10 1 2 3 4 5 6 10 11 14 20 
96 10 2 3 4 5 9 12 13 14 15 16 
96 10 2 5 6 8 10 13 14 18 19 20 
96 10 1 3 5 7 8 11 16 17 18 20 
96 10 1 5 6 7 9 10 11 15 16 18 
96 10 3 8 9 10 12 14 16 17 18 19 
96 10 1 2 3 5 6 7 10 14 15 17 
96 10 2 4 7 8 9 10 12 13 14 19 
96 10 3 4 5 7 8 9 10 17 18 19 
96 10 2 3 4 5 6 9 13 15 16 17 
96 10 1 3 4 6 9 11 12 13 15 18 
97 10 6 8 10 12 13 14 16 17 18 19 
97 10 1 2 5 8 9 11 12 16 17 20 
97 10 1 2 4 5 6 10 12 15 19 20 
97 10 2 4 9 11 12 13 15 16 18 19 
97 10 2 3 4 6 8 9 10 11 15 17 
97 10 1 2 5 6 7 11 13 14 15 18 
97 10 1 2 3 5 8 13 14 17 19 20 
97 10 3 5 6 9 10 11 13 14 16 17 
97 10 1 3 10 11 12 14 16 17 19 20 
97 10 3 7 8 11 14 16 17 18 19 20 
98 10 1 2 3 4 5 12 13 15 17 20 
98 10 2 5 8 12 13 14 15 18 19 20 
98 10 2 3 4 6 7 8 12 14 19 20 
98 10 1 2 4 5 7 8 12 13 18 19 
98 10 4 5 6 8 10 14 15 16 17 18 
98 10 3 5 7 8 9 10 16 17 19 20 
98 10 2 3 4 6 7 11 13 14 17 19 
98 10 1 2 6 8 9 12 13 15 18 20 
98 10 1 4 10 12 13 14 16 17 18 19 
98 10 1 3 4 5 7 9 13 14 18 20 
99 10 2 3 4 6 7 12 14 16 18 20 
99 10 3 5 6 7 8 10 12 15 17 18 
99 10 2 3 5 6 8 9 11 14 17 18 
99 10 1 4 7 9 12 14 17 18 19 20 
99 10 1 2 7 8 9 11 13 16 18 20 
99 10 3 4 6 7 8 12 14 16 17 20 
99 10 1 4 5 6 8 9 12 13 16 18 
99 10 1 4 5 8 11 12 14 17 19 20 
99 10 1 2 3 4 5 6 9 10 11 16 
99 10 4 6 8 10 11 12 13 16 18 19 
